0.5793660595972899 0.7777057349094604 0.14206012883152752 0.5196099231652277 0.08009219519202548 0.5250854558725679 0.34332858289616386 0.46651958933311977 0.3799259605996673 0.5470438359404395 0.3381808121172898 0.18992688075754138 0.02571284347570113 0.11841499868977667 0.17112675068611394 0.46252204236151284 0.10827864026615552 0.9470435882364374 0.6663104428835221 0.5635614831230007
0.7145137118153881 0.869537401946251 0.06336646001905555 0.19190679857622905 0.17196146795412248 0.9150067716007546 0.13126906853505182 0.4843828845833148 0.44656058628860507 0.5991994331799398 0.47266997590387516 0.2928977408135982 0.013993820123716305 0.6415484079816869 0.6586163315233361 0.33425218538680657 0.0690721357514229 0.2668241889056866 0.5519328048735554 0.8924306199972015
0.6520041778999477 0.11662154136245562 0.7566779021000846 0.5200996613002011 0.9813799088415714 0.863119616301226 0.7570818101353403 0.866623336974907 0.01192980586814163 0.5288073981266626 0.9321365982140203 0.014700602164769871 0.9638074448993977 0.16976025876502476 0.9946398204773619 0.27434473929539904 0.57936977010031 0.49700217360612853 0.8439194793049354 0.13964225615249104
0.8661490923567073 0.7860031616264553 0.5416821740626973 0.7578002619388037 0.21452336570125652 0.5156982802558575 0.40422024770177045 0.22819382572993274 0.9238913561233358 0.9048936609707511 0.5367828961356546 0.25867068024905127 0.8139768537770319 0.44469899338453434 0.964414238572351 0.7487858886026374 0.594640892745346 0.02430174523086759 0.9976958747456014 0.9300764495083145
0.833297358982246 0.45080028119078586 0.3119524164067704 0.4979492338982321 0.8413558751597797 0.2167146037123293 0.36726566064866717 0.6942624664141993 0.3083347547666787 0.982034326202801 0.3560454416781176 0.5500408704275953 0.7680741178333498 0.3496540776453474 0.010377639998912502 0.5072160648730024 0.9478278283997011 0.08791788831287717 0.9990727475657788 0.7324521680047731
0.22951652265675793 0.7451238274171411 0.4301595719357394 0.10354200257623059 0.6675040052670921 0.706327800289653 0.8916498288730599 0.30966735300252757 0.5938673459187016 0.1925920764040232 0.10233917605914367 0.6083334719517197 0.9917657789443783 0.7637516319225633 0.21853486656395626 0.6429451403347545 0.8093226807348454 0.7842985450612727 0.3636245138406864 0.7017623435330891
0.10552102363380411 0.08597510548117382 0.00022047070669928281 0.007509964893401944 0.12963545575141044 0.39426803902755325 0.5930375565975662 0.498972346913206 0.42413319597426014 0.4593500248803607 0.9014921809585781 0.43626560533964864 0.24435011381395022 0.2890057856448738 0.3385237522375052 0.8667159175149984 0.42193343220339086 0.6276018807488395 0.0017140337869878675 0.12060578350063678
0.47150302289954016 0.42648145439626417 0.19986506214380617 0.9102223702940827 0.2572997646512717 0.31162345722720874 0.19250231283474928 0.30584595109710266 0.3690281126628907 0.6131330765717328 0.6075641530391044 0.858114562207143 0.37763053671725266 0.537602087341008 0.9282853286971127 0.48776071201591775 0.03569774943043558 0.09632713671889559 0.26396082830682144 0.8794355091167372
0.754400035884919 0.33623136886365734 0.9802312872597148 0.9761074791160802 0.5374379315695922 0.10651192163604106 0.22760122694185025 0.25729536783881857 0.6258879169033977 0.12525560117168866 0.7288063738422191 0.8388987787549491 0.4517370699392136 0.9598431381556337 0.27974383589279517 0.5516200123991287 0.19188225418217086 0.5024170582304536 0.4644550256727802 0.9851019604631364
0.7924617286361957 0.5266112715273988 0.29247409742205177 0.9743246822201553 0.6442134687285218 0.7088615406521329 0.48096937893692093 0.5016475745323662 0.22933074033194756 0.17404537311535018 0.6301005194209595 0.8526842838484401 0.8780101333640143 0.4242536166571531 0.13682202204139604 0.5764211117592274 0.8394278402461997 0.6248406598535389 0.10794684432847823 0.6440661321864438
